카테고리: 모든 카테고리

지역,민주: (04. 1. 1.~21. 6. 1.),경제: (04. 1. 1.~21. 6. 1.),탄핵: (04. 1. 1.~21. 6. 1.),기본소득: (04. 1. 1.~21. 6. 1.),정의: (04. 1. 1.~21. 6. 1.)
서울특별시,7%,59%,5%,3%,26%
경기도,8%,57%,3%,7%,25%
충청남도,7%,56%,4%,,33%
대구광역시,8%,56%,7%,,29%
대전광역시,6%,49%,6%,,39%
부산광역시,9%,55%,8%,,28%
제주특별자치도,10%,57%,4%,,29%
울산광역시,8%,55%,6%,,31%
인천광역시,7%,56%,6%,,31%
전라북도,9%,52%,4%,,35%
광주광역시,10%,52%,6%,,32%
강원도,11%,53%,5%,,31%
경상북도,8%,53%,5%,,34%
경상남도,10%,53%,5%,,32%
충청북도,9%,51%,5%,,35%
전라남도,12%,52%,6%,,30%
